Verification=passed file colums is as follows:
Row Number | Groupby | View Size | Measure Sums | Number of Chunks

       1 11111 |             1000 |              15840662 |     0
       2 10111 |             1000 |              16230999 |     0
       3 11110 |             1000 |              15840662 |     0
       4 11101 |             1000 |              15840662 |     0
       5 01111 |             1000 |              15603909 |     0
       6 11011 |             1000 |              15840662 |     0
       7 10011 |             1000 |              15841659 |     0
       8 11001 |             1000 |              15840662 |     0
       9 01110 |             1000 |              15603909 |     0
      10 10110 |             1000 |              16230999 |     0
      11 00111 |             1000 |              16290011 |     0
      12 01101 |             1000 |              15603909 |     0
      13 10101 |             1000 |              16230999 |     0
      14 11010 |             1000 |              15840662 |     0
      15 01011 |             1000 |              15658337 |     0
      16 11100 |             1000 |              15840662 |     0
      17 00011 |             1000 |              15795979 |     0
      18 01001 |             1000 |              15671585 |     0
      19 10010 |             1000 |              15841659 |     0
      20 01100 |             1000 |              15603909 |     0
      21 00101 |             1000 |              16124877 |     0
      22 00110 |             1000 |              16290011 |     0
      23 01010 |             1000 |              15658337 |     0
      24 11000 |             1000 |              15840662 |     0
      25 10001 |             1000 |              16253460 |     0
      26 10100 |             1000 |              16230999 |     0
      27 10000 |              420 |               7003946 |     0
      28 01000 |              600 |               9501926 |     0
      29 00010 |              700 |              11138303 |     0
      30 00001 |              882 |              13615684 |     0
      31 00100 |              630 |               9869511 |     0

Meaning of the log file colums is as follows:
Row Number | Groupby | View Size | Measure Sums | Number of Chunks
